0 2.000000 0.000000 0.000000
1 1.732000 1.000000 0.000000
2 1.732000 0.500000 0.866000
3 2.000000 0.000000 0.000000
4 1.732000 0.500000 0.866000
5 1.732000 -0.500000 0.866000
6 2.000000 0.000000 0.000000
7 1.732000 -0.500000 0.866000
8 1.732000 -1.000000 -0.000000
9 2.000000 0.000000 0.000000
10 1.732000 -1.000000 -0.000000
11 1.732000 -0.500000 -0.866000
12 2.000000 0.000000 0.000000
13 1.732000 -0.500000 -0.866000
14 1.732000 0.500000 -0.866000
15 2.000000 0.000000 0.000000
16 1.732000 0.500000 -0.866000
17 1.732000 1.000000 0.000000
18 1.732000 0.500000 0.866000
19 1.732000 1.000000 0.000000
20 1.000000 1.401000 1.018000
21 1.732000 0.500000 0.866000
22 1.000000 1.401000 1.018000
23 1.000000 0.535000 1.647000
24 1.732000 0.500000 0.866000
25 1.000000 0.535000 1.647000
26 1.000000 -0.535000 1.647000
27 1.732000 -0.500000 0.866000
28 1.732000 0.500000 0.866000
29 1.000000 -0.535000 1.647000
30 1.732000 -0.500000 0.866000
31 1.000000 -0.535000 1.647000
32 1.000000 -1.401000 1.018000
33 1.732000 -1.000000 -0.000000
34 1.732000 -0.500000 0.866000
35 1.000000 -1.401000 1.018000
36 1.732000 -1.000000 -0.000000
37 1.000000 -1.401000 1.018000
38 1.000000 -1.732000 -0.000000
39 1.732000 -1.000000 -0.000000
40 1.000000 -1.732000 -0.000000
41 1.000000 -1.401000 -1.018000
42 1.732000 -0.500000 -0.866000
43 1.732000 -1.000000 -0.000000
44 1.000000 -1.401000 -1.018000
45 1.732000 -0.500000 -0.866000
46 1.000000 -1.401000 -1.018000
47 1.000000 -0.535000 -1.647000
48 1.732000 0.500000 -0.866000
49 1.732000 -0.500000 -0.866000
50 1.000000 -0.535000 -1.647000
51 1.732000 0.500000 -0.866000
52 1.000000 -0.535000 -1.647000
53 1.000000 0.535000 -1.647000
54 1.732000 0.500000 -0.866000
55 1.000000 0.535000 -1.647000
56 1.000000 1.401000 -1.018000
57 1.732000 1.000000 0.000000
58 1.732000 0.500000 -0.866000
59 1.000000 1.401000 -1.018000
60 1.732000 1.000000 0.000000
61 1.000000 1.401000 -1.018000
62 1.000000 1.732000 0.000000
63 1.732000 1.000000 0.000000
64 1.000000 1.732000 0.000000
65 1.000000 1.401000 1.018000
66 1.000000 1.401000 1.018000
67 1.000000 1.732000 0.000000
68 -0.000000 1.732000 1.000000
69 1.000000 1.401000 1.018000
70 -0.000000 1.732000 1.000000
71 -0.000000 1.000000 1.732000
72 1.000000 0.535000 1.647000
73 1.000000 1.401000 1.018000
74 -0.000000 1.000000 1.732000
75 1.000000 0.535000 1.647000
76 -0.000000 1.000000 1.732000
77 -0.000000 -0.000000 2.000000
78 1.000000 -0.535000 1.647000
79 1.000000 0.535000 1.647000
80 -0.000000 -0.000000 2.000000
81 1.000000 -0.535000 1.647000
82 -0.000000 -0.000000 2.000000
83 -0.000000 -1.000000 1.732000
84 1.000000 -1.401000 1.018000
85 1.000000 -0.535000 1.647000
86 -0.000000 -1.000000 1.732000
87 1.000000 -1.401000 1.018000
88 -0.000000 -1.000000 1.732000
89 -0.000000 -1.732000 1.000000
90 1.000000 -1.732000 -0.000000
91 1.000000 -1.401000 1.018000
92 -0.000000 -1.732000 1.000000
93 1.000000 -1.732000 -0.000000
94 -0.000000 -1.732000 1.000000
95 -0.000000 -2.000000 0.000000
96 1.000000 -1.732000 -0.000000
97 -0.000000 -2.000000 0.000000
98 -0.000000 -1.732000 -1.000000
99 1.000000 -1.401000 -1.018000
100 1.000000 -1.732000 -0.000000
101 -0.000000 -1.732000 -1.000000
102 1.000000 -1.401000 -1.018000
103 -0.000000 -1.732000 -1.000000
104 -0.000000 -1.000000 -1.732000
105 1.000000 -0.535000 -1.647000
106 1.000000 -1.401000 -1.018000
107 -0.000000 -1.000000 -1.732000
108 1.000000 -0.535000 -1.647000
109 -0.000000 -1.000000 -1.732000
110 -0.000000 -0.000000 -2.000000
111 1.000000 0.535000 -1.647000
112 1.000000 -0.535000 -1.647000
113 -0.000000 -0.000000 -2.000000
114 1.000000 0.535000 -1.647000
115 -0.000000 -0.000000 -2.000000
116 -0.000000 1.000000 -1.732000
117 1.000000 1.401000 -1.018000
118 1.000000 0.535000 -1.647000
119 -0.000000 1.000000 -1.732000
120 1.000000 1.401000 -1.018000
121 -0.000000 1.000000 -1.732000
122 -0.000000 1.732000 -1.000000
123 1.000000 1.732000 0.000000
124 1.000000 1.401000 -1.018000
125 -0.000000 1.732000 -1.000000
126 1.000000 1.732000 0.000000
127 -0.000000 1.732000 -1.000000
128 -0.000000 2.000000 0.000000
129 1.000000 1.732000 0.000000
130 -0.000000 2.000000 0.000000
131 -0.000000 1.732000 1.000000
132 -0.000000 1.732000 1.000000
133 -0.000000 2.000000 0.000000
134 -1.000000 1.732000 0.000000
135 -0.000000 1.732000 1.000000
136 -1.000000 1.732000 0.000000
137 -1.000000 1.401000 1.018000
138 -0.000000 1.000000 1.732000
139 -0.000000 1.732000 1.000000
140 -1.000000 1.401000 1.018000
141 -0.000000 1.000000 1.732000
142 -1.000000 1.401000 1.018000
143 -1.000000 0.535000 1.647000
144 -0.000000 -0.000000 2.000000
145 -0.000000 1.000000 1.732000
146 -1.000000 0.535000 1.647000
147 -0.000000 -0.000000 2.000000
148 -1.000000 0.535000 1.647000
149 -1.000000 -0.535000 1.647000
150 -0.000000 -1.000000 1.732000
151 -0.000000 -0.000000 2.000000
152 -1.000000 -0.535000 1.647000
153 -0.000000 -1.000000 1.732000
154 -1.000000 -0.535000 1.647000
155 -1.000000 -1.401000 1.018000
156 -0.000000 -1.732000 1.000000
157 -0.000000 -1.000000 1.732000
158 -1.000000 -1.401000 1.018000
159 -0.000000 -1.732000 1.000000
160 -1.000000 -1.401000 1.018000
161 -1.000000 -1.732000 -0.000000
162 -0.000000 -2.000000 0.000000
163 -0.000000 -1.732000 1.000000
164 -1.000000 -1.732000 -0.000000
165 -0.000000 -1.732000 -1.000000
166 -0.000000 -2.000000 0.000000
167 -1.000000 -1.732000 -0.000000
168 -0.000000 -1.732000 -1.000000
169 -1.000000 -1.732000 -0.000000
170 -1.000000 -1.401000 -1.018000
171 -0.000000 -1.000000 -1.732000
172 -0.000000 -1.732000 -1.000000
173 -1.000000 -1.401000 -1.018000
174 -0.000000 -1.000000 -1.732000
175 -1.000000 -1.401000 -1.018000
176 -1.000000 -0.535000 -1.647000
177 -0.000000 -0.000000 -2.000000
178 -0.000000 -1.000000 -1.732000
179 -1.000000 -0.535000 -1.647000
180 -0.000000 -0.000000 -2.000000
181 -1.000000 -0.535000 -1.647000
182 -1.000000 0.535000 -1.647000
183 -0.000000 1.000000 -1.732000
184 -0.000000 -0.000000 -2.000000
185 -1.000000 0.535000 -1.647000
186 -0.000000 1.000000 -1.732000
187 -1.000000 0.535000 -1.647000
188 -1.000000 1.401000 -1.018000
189 -0.000000 1.732000 -1.000000
190 -0.000000 1.000000 -1.732000
191 -1.000000 1.401000 -1.018000
192 -1.000000 1.732000 0.000000
193 -0.000000 1.732000 -1.000000
194 -1.000000 1.401000 -1.018000
195 -0.000000 2.000000 0.000000
196 -0.000000 1.732000 -1.000000
197 -1.000000 1.732000 0.000000
198 -1.000000 1.401000 1.018000
199 -1.000000 1.732000 0.000000
200 -1.732000 1.000000 0.000000
201 -1.000000 1.401000 1.018000
202 -1.732000 1.000000 0.000000
203 -1.732000 0.500000 0.866000
204 -1.000000 0.535000 1.647000
205 -1.000000 1.401000 1.018000
206 -1.732000 0.500000 0.866000
207 -1.000000 0.535000 1.647000
208 -1.732000 0.500000 0.866000
209 -1.732000 -0.500000 0.866000
210 -1.000000 -0.535000 1.647000
211 -1.000000 0.535000 1.647000
212 -1.732000 -0.500000 0.866000
213 -1.000000 -1.401000 1.018000
214 -1.000000 -0.535000 1.647000
215 -1.732000 -0.500000 0.866000
216 -1.000000 -1.401000 1.018000
217 -1.732000 -0.500000 0.866000
218 -1.732000 -1.000000 -0.000000
219 -1.000000 -1.732000 -0.000000
220 -1.000000 -1.401000 1.018000
221 -1.732000 -1.000000 -0.000000
222 -1.000000 -1.401000 -1.018000
223 -1.000000 -1.732000 -0.000000
224 -1.732000 -1.000000 -0.000000
225 -1.000000 -1.401000 -1.018000
226 -1.732000 -1.000000 -0.000000
227 -1.732000 -0.500000 -0.866000
228 -1.000000 -0.535000 -1.647000
229 -1.000000 -1.401000 -1.018000
230 -1.732000 -0.500000 -0.866000
231 -1.000000 0.535000 -1.647000
232 -1.000000 -0.535000 -1.647000
233 -1.732000 -0.500000 -0.866000
234 -1.000000 0.535000 -1.647000
235 -1.732000 -0.500000 -0.866000
236 -1.732000 0.500000 -0.866000
237 -1.000000 1.401000 -1.018000
238 -1.000000 0.535000 -1.647000
239 -1.732000 0.500000 -0.866000
240 -1.732000 1.000000 0.000000
241 -1.000000 1.401000 -1.018000
242 -1.732000 0.500000 -0.866000
243 -1.000000 1.732000 0.000000
244 -1.000000 1.401000 -1.018000
245 -1.732000 1.000000 0.000000
246 -1.732000 0.500000 0.866000
247 -1.732000 1.000000 0.000000
248 -2.000000 0.000000 0.000000
249 -1.732000 -0.500000 0.866000
250 -1.732000 0.500000 0.866000
251 -2.000000 0.000000 0.000000
252 -1.732000 -1.000000 -0.000000
253 -1.732000 -0.500000 0.866000
254 -2.000000 0.000000 0.000000
255 -1.732000 -0.500000 -0.866000
256 -1.732000 -1.000000 -0.000000
257 -2.000000 0.000000 0.000000
258 -1.732000 0.500000 -0.866000
259 -1.732000 -0.500000 -0.866000
260 -2.000000 0.000000 0.000000
261 -1.732000 1.000000 0.000000
262 -1.732000 0.500000 -0.866000
263 -2.000000 0.000000 0.000000
